123456789   vendedor
Agustin Hernandez
DG65BSUR#19B-13 7896542
 781242 88211 39575.2 200000 8137.94 0 0 0 
 1.11717e+006
949805

987654   secretaria
Alba Gonzalez
54gd5614 6543218
 781242 88211 33202.8 0 8137.94 11393.1 13020.7 16275.9 
 951483
796867

123456   Gerenete
Paz Velasquez
34fd54432s 3105548981
 2e+007 0 900000 0 416667 583333 666667 833333 
 2.34e+007
2.16e+007

123789   vendedor
Angel Perez
DG343545S-SUR 9875213648
 781242 88211 32421.5 0 0 0 13020.7 16275.9 
 931171
778117

987321   bodegista
Enzo Morales
df213dsa3 23154
 781242 88211 42968.3 0 48827.6 68358.7 78124.2 97655.2 
 1.20539e+006
1.03124e+006

654   vendedor
Samuel Ramirez
sdasdas342 23154
 781242 88211 42146.8 200000 8137.94 17089.7 6510.35 40689.7 
 1.18403e+006
1.01152e+006

